barcode,Total,Good,Bad
GTAC,1,0,1
GTAA,1,1,0
CGAA,2,1,1
AAAT,1,1,0
AAAA,1,0,1
CGAT,402,370,32
AAAC,1,0,1
AGTT,1,0,1
GTAG,1,1,0
TTAC,1,1,0
TTAA,1,0,1
GAAC,1,0,1
GCTC,1,0,1
GCTA,349,329,20
ATAG,6,4,2
GCTT,1,1,0
CCAA,1,0,1
CCAC,1,0,1
ATAT,1,0,1
CCAG,1,0,1
TAAC,1,0,1
TAAA,1,0,1
TGTA,1,0,1
CTCT,1,0,1
TAAT,1,0,1
TCTG,1,0,1
ACTA,1,0,1
ACTC,1,0,1
TCTC,2,1,1
TGTT,1,0,1
CTAG,468,437,31
AAGC,3,2,1
ACGT,1,0,1
AAGA,1,1,0
GTGA,1,0,1
CTAT,2,2,0
AAGT,1,0,1
CGGT,1,0,1
GGCG,1,0,1
AATC,3,2,1
GATT,2,1,1
AATA,1,0,1
GATG,1,0,1
GATA,4,3,1
GATC,259,238,21
TAGT,5,4,1
TCAG,1,0,1
CCGA,1,1,0
ATCG,284,267,17
ATCC,1,0,1
TAGC,546,504,42
CAGC,4,3,1
CCTA,1,0,1
CAGG,1,0,1
CTCC,1,0,1
TCGC,1,1,0
TCGG,1,0,1
TCGT,3,2,1
TAGA,1,1,0
ACAA,1,0,1
ATCA,2,2,0
CCGT,1,0,1
AGAG,1,0,1
ATTC,1,1,0
GGAT,1,0,1
TTTA,1,1,0
TTTC,1,0,1
AACG,1,0,1
GCAA,3,1,2
CAAA,1,0,1
TTTT,1,0,1
CTTC,1,0,1
GCAT,1,0,1
CAAT,2,1,1
GCCG,1,0,1
CGTT,2,1,1
ACGC,1,1,0
TATC,3,2,1
TCAA,1,0,1
TCAC,1,0,1
AATG,1,1,0
CTGC,1,0,1
TATT,1,0,1
CGTC,1,0,1
AACA,1,0,1
CTTA,1,1,0
ACCC,1,0,1
ACCT,2,1,1
GGTA,1,1,0
AGCA,1,1,0
AGCC,1,0,1
TTGT,1,1,0
AGCG,1,0,1
GAGC,2,2,0
AGCT,1,1,0
TTGG,2,1,1
CACT,1,0,1
ATGA,1,0,1
GCGA,1,0,1
TACT,1,1,0
CCCA,1,0,1
TGCA,1,0,1
CACA,1,0,1
CCTT,1,0,1
CATT,1,1,0
CTGA,1,0,1
CGCG,1,0,1
CGCC,1,0,1
TCCC,1,1,0
CGCA,1,0,1
TGAA,1,0,1
